-1.193494
0.666593
1.713543
-0.682592
1.413610
-1.577086
-0.855998
-0.638666
0.239910
0.181207
1.519729
-1.014160
-0.155529
0.990475
0.310189
-1.666699
1.864149
-0.886581
1.398363
-0.116030
-0.819742
-0.449145
1.682964
2.170609
-0.524139
0.412233
1.022608
0.952131
0.701335
0.490288
-1.002855
-0.080133
1.149809
0.404933
2.034122
-0.708430
0.222301
-0.433304
-2.382621
1.244475
-0.191561
-0.786958
-0.120323
3.038876
1.923932
-0.733083
-0.358338
1.425485
-0.314724
-1.416411
2.224688
0.956416
1.582423
-2.006500
1.064517
1.600292
-0.361515
1.347593
-1.181843
0.060465
0.962467
-0.896304
-3.127977
-2.176923
-1.990532
-2.173032
-2.725428
-0.711772
-2.594184
-0.889781
-0.212933
-1.002227
1.093109
0.621843
-0.482676
-1.043819
1.960825
0.738245
0.569794
-2.627323
-0.833653
-0.623734
0.773050
-0.148912
1.024333
-3.359524
0.490028
-0.321626
-1.636128
1.317851
-0.861952
-1.710735
1.777004
1.622394
-0.352619
0.574368
2.048581
1.660707
1.508772
2.063460
2.156922
1.052979
-0.288386
-1.371221
0.242208
0.436031
1.555139
-1.556778
0.104887
0.590672
0.839113
1.409334
-1.952636
1.317317
1.078020
2.324385
-1.213170
-1.134479
-2.171356
-2.385263
-0.689492
-1.249489
-0.496256
-1.892661
0.908512
-0.877769
0.047033
-1.226920
-1.162502
-0.309948
-0.444243
-2.120255
-2.532693
-2.097868
-2.415773
-0.940429
-1.411251
-1.368011
-0.360963
1.779567
1.439411
0.910378
0.021180
0.126021
-0.585300
-0.651559
1.349254
-1.729247
1.326840
-1.514882
-1.896446
-0.203268
2.037816
-1.845944
-1.172914
-0.208652
0.702873
-4.232038
-0.086959
-2.426436
-2.014451
0.786733
-1.325348
2.944398
-1.571773
0.749968
-2.569315
-1.477383
-2.337977
1.030299
1.853087
1.404253
0.299380
-2.630543
2.460013
3.050043
1.120501
-1.989902
2.197771
-1.592656
-1.469809
1.886377
-0.385220
-2.956754
-0.579316
1.400738
1.095142
-0.503316
2.082241
1.970448
0.431430
-0.190028
