-1.303108
-0.976954
-0.948710
-0.173937
0.526977
-0.533086
-1.209713
-0.374810
-0.816773
-2.029768
-0.050778
-0.692938
1.135175
1.515246
1.261406
-1.941486
0.837662
-1.146055
-1.532011
2.682104
0.124271
-1.483815
-1.712005
-0.174212
0.807760
-1.274070
2.530073
-1.249025
-2.064213
2.603457
0.234679
0.770374
-2.506160
-1.444628
0.844059
1.276068
-1.261164
-0.556578
1.391894
-0.250679
-1.947961
0.258894
-1.507818
-1.320576
1.012469
-4.029177
0.542985
0.242448
-0.066701
-0.066272
-0.649679
0.970994
-0.817548
-2.565056
0.915461
0.603946
-0.901652
1.041374
-1.734169
-1.030814
-0.767653
1.426388
0.627191
0.763545
3.023691
-3.258354
1.229446
-0.662436
0.000061
-2.664164
-1.590035
-1.278064
-0.577284
-2.670201
-0.528366
-0.212847
1.066190
1.652356
-0.672940
2.082634
0.006077
-1.650908
1.257056
0.055622
-0.321789
1.924826
-0.999950
0.945081
1.911127
1.594584
-0.649799
2.250251
-0.070211
1.239763
-1.690361
-1.651554
2.192102
-2.611830
-1.024462
-0.948847
0.020498
-0.138284
-0.998838
0.929163
-1.486284
-0.418828
-3.192435
-1.319280
1.079934
-1.948481
1.411491
1.676978
1.857733
-1.691159
1.449378
1.100633
1.826070
-0.463843
1.897888
-1.131938
-1.147201
2.007773
-1.123655
-1.504586
-2.270594
0.617415
-0.351321
1.825727
-2.014944
0.528930
-0.862975
-1.291863
1.301819
-0.600069
-1.929962
0.823170
-3.132095
0.145362
0.370909
-2.203850
-1.253945
-2.428647
0.979142
0.439335
1.177779
0.138465
-1.496887
-0.558673
-0.398138
-1.255055
-0.835596
1.747734
0.726953
0.576300
-1.480937
1.327512
1.664734
-0.914811
1.880953
-0.676787
-1.784146
-0.805373
2.858593
-1.604530
1.103360
1.563167
1.113597
-1.904726
-1.467715
-1.124890
0.478958
-1.860816
-0.215332
-0.691377
-1.233860
-2.056973
-1.284141
0.913310
-0.469395
1.192182
-1.822293
0.905759
-0.663787
0.095346
-1.288256
-0.649937
-2.835859
2.035976
3.424461
1.959401
0.684228
-0.571377
